770.2657534
761.7762557
821.4319635
882.1525114
909.3232877
919.0365297
941.6968037
960.7936073
969.143379
971.6438356
973.6949772
974.4821918
982.1287671
991.2739726
992.5242009
991.9853881
990.7872146
990.2493151
989.173516
985.6767123
981.4721461
981.1771689
978.1616438
973.9890411
968.8958904
967.690411
965.6493151
961.6009132
957.9561644
961.6949772
959.3059361
956.8922374
950.373516
953.5981735
952.8776256
951.3031963
956.4182648
967.3515982
971.4246575
973.1223744
984.1305936
984.709589
982.7579909
981.7625571
986.0557078
979.6958904
977.7990868
977.7954338
982.8283105
976.4575342
972.8885845
971.5488584
974.5506849
981.8420091
984.2401826
976.6648402
964.1506849
972.4557078
946.7378995
904.7835616
869.4493151
865.2757991
835.0173516
772.0593607
753.9808219
746.739726
710.1561644
660.0009132
658.3817352
658.6374429
644.5287671
654.8538813
648.2986301
650.483105
639.9333333
640.1269406
646.3461187
648.3515982
646.5890411
652.9881279
652.7123288
655.0721461
648.5844749
638.6073059
639.9360731
638.739726
638.083105
649.1013699
658.5634703
664.8776256
696.0584475
726.0310502
664.8657534
644.1305936
713.0164384
779.2146119