0.8684510251
0.5905677887
0.4028515988
0.2657555049
0.1961528727
0.1471146545
0.1117860457
0.07171180292
0.07856660761
0.04956551084
0.03585590146
0.04323799882
0.03163756011
0.03163756011
0.02794651143
0.0284738041
0.02372817008
0.02900109677
0.02425546275
0.03585590146
0.02056441407
0.01423690205
0.01792795073
0.02425546275
0.04534716949
0.02741921876
0.03427402345
0.06749346157
0.0838395343
0.1154770944
0.20353497
0.1697882393
0.2288450181
0.2383362862
0.4197249641
0.4972369864
0.3390491859
0.283156163
0.2594279929
0.2457183835
0.2483548469
0.2821015777
0.2915928457
0.3105753818
0.3422129419
0.3495950392
0.4107609888
0.4392347929
0.4777271577
0.5452206193
0.5900404961
0.5642031553
0.5562937653
0.57105796
0.5541845946
0.5457479119
0.6079684468
0.6174597148
0.6896988104
0.7614106133
0.757192272
0.8837425124
0.9807643635
1.032966338
1.105732726
1.32192272
1.480637813
1.772757952
2.249957817
2.717139121
3.263941618
3.917784527
4.550535729
4.557390534
4.196722349
3.718467898
3.364654518
3.099426306
2.648591074
2.431346495
2.358580106
2.301105205
2.243630305
2.193537501
2.178246014
2.317451278
2.20724711
2.229920695
2.265776597
2.295832279
2.333797351
2.220429427
2.13395343
1.799649878
1.449527546
1.234392137