1.090961428
1.178756477
1.020437536
0.7887161773
0.6620610248
0.5253310305
0.4519286126
0.3857225101
0.2633851468
0.236039148
0.16263673
0.1093839954
0.08779504893
0.08491652274
0.06476683938
0.08347725964
0.07484168106
0.04749568221
0.04029936672
0.04605641911
0.02734599885
0.04173862982
0.03310305124
0.02734599885
0.03022452504
0.02014968336
0.02878526195
0.0518134715
0.05613126079
0.09067357513
0.09211283823
0.1352907311
0.1496833621
0.2144502015
0.2576280944
0.2921704088
0.3223949338
0.3756476684
0.4576856649
0.5382843984
0.6275187104
0.6894070236
0.8016695452
0.9182498561
1.003166379
1.132700058
1.233448474
1.432066782
1.437823834
1.483880253
1.545768566
1.560161197
1.554404145
1.568796776
1.558721934
1.483880253
1.532815199
1.537132988
1.475244675
1.610535406
1.610535406
1.748704663
1.719919401
1.819228555
1.964594128
1.997697179
2.282671272
2.515831894
2.733160622
2.564766839
2.543177893
2.373344847
2.17472654
2.147380541
1.832181923
1.718480138
1.630685089
1.597582038
1.627806563
1.649395509
1.642199194
1.740069085
1.708405296
1.673862982
1.583189407
1.568796776
1.525618883
1.545768566
1.528497409
1.502590674
1.50115141
1.249280368
1.184513529
1.09671848
0.97582038
0.8865860679