0.5255486506
0.5652426574
0.4903003725
0.4550520944
0.3991629328
0.3477194999
0.2537240917
0.2391166972
0.197517378
0.1794169109
0.1454388411
0.1193995726
0.1111432192
0.09844113696
0.08478639861
0.07589494108
0.0841512945
0.07494228491
0.06192265067
0.06001733834
0.05715936985
0.05842957807
0.06255775478
0.07621249313
0.05779447396
0.05842957807
0.08446884656
0.09336030409
0.09971134518
0.1298787904
0.1622691
0.255311852
0.2927829945
0.3664550711
0.47601053
0.597950519
0.7592669628
0.8688224217
0.9488455395
1.155254375
1.329272901
1.309267122
1.453753307
1.56711939
1.689059379
1.69699818
1.76654208
1.847200302
1.88086082
1.966282323
1.995814664
2.038366639
2.076472886
2.014232683
2.033285806
2.078378198
2.166340117
2.13585512
2.118072205
2.042494816
2.1326796
2.091715384
2.053291586
2.01073961
2.016455547
2.027887421
1.942465919
1.998037528
2.020266172
2.008516746
1.980889717
2.006611434
2.032968254
1.878002852
1.778609058
1.640473915
1.586490065
1.413424196
1.411836435
1.353089305
1.303551185
1.232101972
1.190820205
1.141599637
1.083170059
1.002511837
0.9494806436
0.8923212738
0.864694245
0.812298156
0.7465648806
0.7122692587
0.6309759327
0.5966803108
0.5433315656
0.4775982903