0.3475363326
0.250634634
0.2195550514
0.1633898057
0.1388591351
0.1275372872
0.1047825928
0.08014092371
0.07392500719
0.06471213092
0.05505526061
0.04994932918
0.04406640819
0.04140244397
0.03995946334
0.03862748123
0.03807248869
0.03740649763
0.04373341266
0.04384441117
0.05061532024
0.05061532024
0.05383427701
0.06116017862
0.08491385961
0.1182134124
0.1950243808
0.3297765711
0.5648714138
0.5897350799
0.8535785364
1.22264858
1.5710729
1.712817997
2.157256028
2.420211497
2.469050841
1.96200965
1.713927982
1.573070874
1.520235583
1.210105748
1.187240055
1.194787954
1.269600949
1.112982053
1.112205063
1.161044407
1.320771262
1.283364764
1.347521903
1.397360233
1.469287267
1.306341456
1.289469682
1.283031769
1.340972991
1.178471173
1.222537581
1.279035823
1.318551292
1.241518326
1.269822946
1.294575614
1.359731739
1.341971977
1.420225926
1.536774361
1.724916834
1.915723272
2.214531259
2.484146638
2.753873015
2.808151287
2.769523805
2.573722435
2.442633195
2.088991945
1.871989859
1.660870695
1.515129652
1.285140741
1.167038327
1.084788431
1.054818834
0.9936586552
0.9696829772
0.9431543334
0.9215096241
0.8589064649
0.8281598778
0.7595627991
0.6831958247
0.6194826803
0.5339028297
0.4456590148