0.009421138343
0.00672938453
0.008075261437
0.005383507624
0
0
0
0.001345876906
0
0.001345876906
0
0
0.002691753812
0
0.001345876906
0.009421138343
0.005383507624
0.00672938453
0.01884227669
0.09690313724
0.301476427
0.3647326416
0.3472362418
0.4118383333
0.8788576197
0.9421138343
0.9865277722
1.51814915
2.806153349
3.690394477
3.676935707
4.082044656
5.289296241
6.344463735
7.279848185
7.745521595
6.826287668
4.627124803
3.503317587
3.108975653
2.701174951
1.846543115
1.68772964
1.49661512
1.403749613
1.096889678
1.150724755
1.286658322
1.397020229
1.273199553
1.187063431
1.541029057
1.522186781
1.227439738
1.318959368
1.212635092
1.203213954
0.9676854955
0.9017375271
0.9151962961
0.8694364813
0.6958183605
0.7442699291
0.7348487907
0.6204492537
0.5827647003
0.5033579629
0.3364692265
0.3687702723
0.2947470424
0.1870768899
0.1655428595
0.1978439052
0.1601593518
0.09959489105
0.1238206754
0.144008829
0.1345876906
0.1224747985
0.1036325218
0.09421138343
0.08479024508
0.07267735293
0.05248919934
0.04710569171
0.02826341503
0.03230104575
0.03499279956
0.02018815359
0.02018815359
0.0228799074
0.01345876906
0.01345876906
0.01211289215
0.01345876906
0.005383507624